Script started on Thu 10 Sep 2015 06:45:07 PM EDT
linux3[1]% python hw1.py
0 0.0 0.0 -9.80665 -0.57074703 0.0582
0.1 2.34798735857 11.7612413122 117.612413122 6.83219981732 0.0569808442105
0.2 7.89976443949 33.7974370155 220.361957033 12.3976140432 0.0548206282105
0.3 13.4754446036 44.9202829993 111.228459838 5.95167513449 0.0536961322105
0.4 19.378858596 52.0933790416 71.7309604234 3.73456203036 0.0529168762105
0.5 25.9730810474 59.1507911525 70.5741211084 3.60145627587 0.0521376202105
0.6 33.239940134 66.0583873591 69.0759620658 3.45404469051 0.0513583642105
0.7 41.1582601137 72.7837664548 67.2537909571 3.29428617398 0.0505791082105
0.8 49.7041555569 79.2969025905 65.131361357 3.12435275994 0.0497998522105
0.9 58.8513741376 85.5707219318 62.7381934134 2.94656217874 0.0490205962105
1.0 68.5716769767 91.5815875812 60.1086564939 2.76330569158 0.0482413402105
1.1 78.8352442926 97.309674072 57.2808649081 2.57697522987 0.0474620842105
1.2 89.6110935694 102.739219092 54.2954502047 2.38989378969 0.0466828282105
1.3 100.867497622 107.858647116 51.1942802376 2.20425261423 0.0459035722105
1.4 112.572390751 112.66056668 48.019195633 2.02205800642 0.0451243162105
1.5 124.693752536 117.141649555 44.8108287555 1.84508974198 0.0443450602105
1.6 137.199960605 121.302405529 41.6075597423 1.67487210164 0.0435658042105
1.7 150.060105697 125.146870545 38.4446501561 1.51265761458 0.0427865482105
1.8 163.244264497 128.68222845 35.3535790533 1.35942278899 0.0420072922105
1.9 174.58859528 120.634632347 -80.4759610323 -3.02088070401 0.0420072922105
2.0 185.285633075 113.443307829 -71.9132451781 -2.71910256695 0.0420072922105
2.1 195.396266088 106.970377955 -64.7292987447 -2.46332770568 0.0420072922105
2.2 204.972567569 101.106330129 -58.6404782611 -2.24458208312 0.0420072922105
2.3 214.059430928 95.7630148017 -53.4331532694 -2.05599701668 0.0420072922105
2.4 222.695839304 90.8686335919 -48.9438120975 -1.89223940979 0.0420072922105
2.5 230.915864021 86.3640837621 -45.0454982984 -1.74911500602 0.0420072922105
2.6 238.749458956 82.2002471662 -41.6383659594 -1.62328687156 0.0420072922105
2.7 246.223099191 78.3359493594 -38.6429780675 -1.51207223254 0.0420072922105
2.8 253.360299363 74.7364023452 -35.9954701427 -1.41329360137 0.0420072922105
2.9 260.182038078 71.3720017209 -33.6440062428 -1.32516816091 0.0420072922105
3.0 266.707108176 68.21738715 -31.5461457088 -1.24622452776 0.0420072922105
3.1 272.952407947 65.2507009815 -29.6668616847 -1.17523938746 0.0420072922105
3.2 278.933184899 62.4529977124 -27.9770326915 -1.11118873987 0.0420072922105
3.3 284.663241092 59.8077695118 -26.4522820061 -1.053210015 0.0420072922105
3.4 290.155107125 57.3005619305 -25.072075813 -1.00057236593 0.0420072922105
3.5 295.420190348 54.9186603289 -23.8190160155 -0.952653175784 0.0420072922105
3.6 300.468901773 52.6508322313 -22.6782809758 -0.908919331885 0.0420072922105
3.7 305.310765258 50.4871142575 -21.6371797385 -0.868912189511 0.0420072922105
3.8 309.954511852 48.4186348488 -20.6847940866 -0.832235414823 0.0420072922105
3.9 314.408161667 46.437465935 -19.8116891384 -0.798545092033 0.0420072922105
4.0 318.6790952 44.5364981505 -19.0096778443 -0.767541624125 0.0420072922105
4.1 322.774115689 42.7093353325 -18.2716281801 -0.738963064016 0.0420072922105
4.2 326.699503823 40.9502048932 -17.5913043934 -0.712579593915 0.0420072922105
4.3 330.461065893 39.253881335 -16.9632355817 -0.688188931935 0.0420072922105
4.4 334.064176309 37.6156207005 -16.3826063457 -0.665612491847 0.0420072922105
4.5 337.513815239 36.0311041634 -15.8451653706 -0.644692157887 0.0420072922105
4.6 340.814602022 34.4963892985 -15.3471486488 -0.625287564456 0.0420072922105
4.7 343.970824906 33.0078678263 -14.8852147223 -0.607273792319 0.0420072922105
4.8 346.986467577 31.5622288423 -14.45638984 -0.590539410009 0.0420072922105
4.9 349.86523287 30.1564267091 -14.0580213323 -0.574984802613 0.0420072922105
5.0 352.61056401 28.7876529263 -13.6877378273 -0.56052074084 0.0420072922105
5.1 355.225663679 27.4533114076 -13.3434151868 -0.547067151811 0.0420072922105
5.2 357.713511141 26.1509966832 -13.0231472448 -0.534552059874 0.0420072922105
5.3 360.076877676 24.8784746239 -12.7252205925 -0.522910671258 0.0420072922105
5.4 362.318340475 23.633665345 -12.4480927892 -0.512084580879 0.0420072922105
5.5 364.440295195 22.4146279971 -12.1903734788 -0.50202108324 0.0420072922105
5.6 366.444967285 21.2195471985 -11.9508079865 -0.492672572346 0.0420072922105
5.7 368.334422232 20.0467208952 -11.7282630329 -0.483996017996 0.0420072922105
5.8 370.110574825 18.8945494684 -11.5217142674 -0.475952507835 0.0420072922105
5.9 371.775197533 17.7615259318 -11.330235366 -0.468506846206 0.0420072922105
6.0 373.329928083 16.6462270836 -11.1529884825 -0.461627202219 0.0420072922105
6.1 374.776276307 15.5473054966 -10.9892158701 -0.455284800624 0.0420072922105
6.2 376.115630335 14.4634822443 -10.8382325226 -0.449453650023 0.0420072922105
6.3 377.349262169 13.3935402738 -10.6994197048 -0.444110303768 0.0420072922105
6.4 378.478332718 12.3363183478 -10.57221926 -0.439233649579 0.0420072922105
6.5 379.503896304 11.2907054876 -10.4561286021 -0.434804724494 0.0420072922105
6.6 380.426904707 10.2556358566 -10.3506963104 -0.430806552238 0.0420072922105
6.7 381.248210768 9.23008403076 -10.2555182581 -0.427224000541 0.0420072922105
6.8 381.96857158 8.21306060921 -10.1702342155 -0.424043656265 0.0420072922105
6.9 382.588651299 7.20360812144 -10.0945248777 -0.421253716532 0.0420072922105
7.0 383.109023594 6.20079719418 -10.0281092726 -0.418843894293 0.0420072922105
7.1 383.530173749 5.2037229429 -9.97074251286 -0.416805337026 0.0420072922105
7.2 383.852500454 4.21150155682 -9.9222138608 -0.415130557426 0.0420072922105
7.3 384.076317269 3.223267049 -9.88234507822 -0.413813375175 0.0420072922105
7.4 384.201853797 2.23816814497 -9.85098904022 -0.412848868985 0.0420072922105
7.5 384.229256569 1.25536528561 -9.8280285936 -0.412233338292 0.0420072922105
7.6 384.158589637 0.274027721113 -9.81337564501 -0.411964274088 0.0420072922105
Max height ~384.158589637
linux3[2]% exit
exit

Script done on Thu 10 Sep 2015 06:45:14 PM EDT
[Klinux3[1]% exit
exit
Script done, file is typescript
linux3[3]% script[12Gpython hw1.py[12Gscript[K
Script started, file is typescript
linux3[1]% python hw1.py
0 0.0 0.0 -9.80665 -0.57074703 0.0582
0.1 2.34798735857 11.7612413122 117.612413122 6.83219981732 0.0569808442105
0.2 7.89976443949 33.7974370155 220.361957033 12.3976140432 0.0548206282105
0.3 13.4754446036 44.9202829993 111.228459838 5.95167513449 0.0536961322105
0.4 19.378858596 52.0933790416 71.7309604234 3.73456203036 0.0529168762105
0.5 25.9730810474 59.1507911525 70.5741211084 3.60145627587 0.0521376202105
0.6 33.239940134 66.0583873591 69.0759620658 3.45404469051 0.0513583642105
0.7 41.1582601137 72.7837664548 67.2537909571 3.29428617398 0.0505791082105
0.8 49.7041555569 79.2969025905 65.131361357 3.12435275994 0.0497998522105
0.9 58.8513741376 85.5707219318 62.7381934134 2.94656217874 0.0490205962105
1.0 68.5716769767 91.5815875812 60.1086564939 2.76330569158 0.0482413402105
1.1 78.8352442926 97.309674072 57.2808649081 2.57697522987 0.0474620842105
1.2 89.6110935694 102.739219092 54.2954502047 2.38989378969 0.0466828282105
1.3 100.867497622 107.858647116 51.1942802376 2.20425261423 0.0459035722105
1.4 112.572390751 112.66056668 48.019195633 2.02205800642 0.0451243162105
1.5 124.693752536 117.141649555 44.8108287555 1.84508974198 0.0443450602105
1.6 137.199960605 121.302405529 41.6075597423 1.67487210164 0.0435658042105
1.7 150.060105697 125.146870545 38.4446501561 1.51265761458 0.0427865482105
1.8 163.244264497 128.68222845 35.3535790533 1.35942278899 0.0420072922105
1.9 174.58859528 120.634632347 -80.4759610323 -3.02088070401 0.0420072922105
2.0 185.285633075 113.443307829 -71.9132451781 -2.71910256695 0.0420072922105
2.1 195.396266088 106.970377955 -64.7292987447 -2.46332770568 0.0420072922105
2.2 204.972567569 101.106330129 -58.6404782611 -2.24458208312 0.0420072922105
2.3 214.059430928 95.7630148017 -53.4331532694 -2.05599701668 0.0420072922105
2.4 222.695839304 90.8686335919 -48.9438120975 -1.89223940979 0.0420072922105
2.5 230.915864021 86.3640837621 -45.0454982984 -1.74911500602 0.0420072922105
2.6 238.749458956 82.2002471662 -41.6383659594 -1.62328687156 0.0420072922105
2.7 246.223099191 78.3359493594 -38.6429780675 -1.51207223254 0.0420072922105
2.8 253.360299363 74.7364023452 -35.9954701427 -1.41329360137 0.0420072922105
2.9 260.182038078 71.3720017209 -33.6440062428 -1.32516816091 0.0420072922105
3.0 266.707108176 68.21738715 -31.5461457088 -1.24622452776 0.0420072922105
3.1 272.952407947 65.2507009815 -29.6668616847 -1.17523938746 0.0420072922105
3.2 278.933184899 62.4529977124 -27.9770326915 -1.11118873987 0.0420072922105
3.3 284.663241092 59.8077695118 -26.4522820061 -1.053210015 0.0420072922105
3.4 290.155107125 57.3005619305 -25.072075813 -1.00057236593 0.0420072922105
3.5 295.420190348 54.9186603289 -23.8190160155 -0.952653175784 0.0420072922105
3.6 300.468901773 52.6508322313 -22.6782809758 -0.908919331885 0.0420072922105
3.7 305.310765258 50.4871142575 -21.6371797385 -0.868912189511 0.0420072922105
3.8 309.954511852 48.4186348488 -20.6847940866 -0.832235414823 0.0420072922105
3.9 314.408161667 46.437465935 -19.8116891384 -0.798545092033 0.0420072922105
4.0 318.6790952 44.5364981505 -19.0096778443 -0.767541624125 0.0420072922105
4.1 322.774115689 42.7093353325 -18.2716281801 -0.738963064016 0.0420072922105
4.2 326.699503823 40.9502048932 -17.5913043934 -0.712579593915 0.0420072922105
4.3 330.461065893 39.253881335 -16.9632355817 -0.688188931935 0.0420072922105
4.4 334.064176309 37.6156207005 -16.3826063457 -0.665612491847 0.0420072922105
4.5 337.513815239 36.0311041634 -15.8451653706 -0.644692157887 0.0420072922105
4.6 340.814602022 34.4963892985 -15.3471486488 -0.625287564456 0.0420072922105
4.7 343.970824906 33.0078678263 -14.8852147223 -0.607273792319 0.0420072922105
4.8 346.986467577 31.5622288423 -14.45638984 -0.590539410009 0.0420072922105
4.9 349.86523287 30.1564267091 -14.0580213323 -0.574984802613 0.0420072922105
5.0 352.61056401 28.7876529263 -13.6877378273 -0.56052074084 0.0420072922105
5.1 355.225663679 27.4533114076 -13.3434151868 -0.547067151811 0.0420072922105
5.2 357.713511141 26.1509966832 -13.0231472448 -0.534552059874 0.0420072922105
5.3 360.076877676 24.8784746239 -12.7252205925 -0.522910671258 0.0420072922105
5.4 362.318340475 23.633665345 -12.4480927892 -0.512084580879 0.0420072922105
5.5 364.440295195 22.4146279971 -12.1903734788 -0.50202108324 0.0420072922105
5.6 366.444967285 21.2195471985 -11.9508079865 -0.492672572346 0.0420072922105
5.7 368.334422232 20.0467208952 -11.7282630329 -0.483996017996 0.0420072922105
5.8 370.110574825 18.8945494684 -11.5217142674 -0.475952507835 0.0420072922105
5.9 371.775197533 17.7615259318 -11.330235366 -0.468506846206 0.0420072922105
6.0 373.329928083 16.6462270836 -11.1529884825 -0.461627202219 0.0420072922105
6.1 374.776276307 15.5473054966 -10.9892158701 -0.455284800624 0.0420072922105
6.2 376.115630335 14.4634822443 -10.8382325226 -0.449453650023 0.0420072922105
6.3 377.349262169 13.3935402738 -10.6994197048 -0.444110303768 0.0420072922105
6.4 378.478332718 12.3363183478 -10.57221926 -0.439233649579 0.0420072922105
6.5 379.503896304 11.2907054876 -10.4561286021 -0.434804724494 0.0420072922105
6.6 380.426904707 10.2556358566 -10.3506963104 -0.430806552238 0.0420072922105
6.7 381.248210768 9.23008403076 -10.2555182581 -0.427224000541 0.0420072922105
6.8 381.96857158 8.21306060921 -10.1702342155 -0.424043656265 0.0420072922105
6.9 382.588651299 7.20360812144 -10.0945248777 -0.421253716532 0.0420072922105
7.0 383.109023594 6.20079719418 -10.0281092726 -0.418843894293 0.0420072922105
7.1 383.530173749 5.2037229429 -9.97074251286 -0.416805337026 0.0420072922105
7.2 383.852500454 4.21150155682 -9.9222138608 -0.415130557426 0.0420072922105
7.3 384.076317269 3.223267049 -9.88234507822 -0.413813375175 0.0420072922105
7.4 384.201853797 2.23816814497 -9.85098904022 -0.412848868985 0.0420072922105
7.5 384.229256569 1.25536528561 -9.8280285936 -0.412233338292