Script started on Sun 06 Dec 2015 10:13:51 PM EST
[csidell1@linux3 hw5]$ python hw5.py 1000
1 0.0104627788254 -0.986837221175 -98.6837221175
2 0.0 -0.9973 -99.73
3 0.478565345156 -0.518734654844 -51.8734654844
4 0.594381342691 -0.402918657309 -40.2918657309
5 1.18993158342 0.192631583423 19.2631583423
6 0.792508456921 -0.204791543079 -20.4791543079
7 1.54820858475 0.550908584748 55.0908584748
8 0.0 -0.9973 -99.73
9 1.24898391917 0.251683919173 25.1683919173
10 0.713257611229 -0.284042388771 -28.4042388771
11 0.416389126381 -0.580910873619 -58.0910873619
12 0.792508456921 -0.204791543079 -20.4791543079
13 1.06829081959 0.0709908195944 7.09908195944
14 1.52840916692 0.531109166919 53.1109166919
15 0.932051140883 -0.0652488591174 -6.52488591174
16 1.33735802105 0.340058021054 34.0058021054
17 1.37678977755 0.379489777549 37.9489777549
18 1.05667794256 0.059377942561 5.9377942561
19 1.11215026504 0.114850265038 11.4850265038
20 0.832133879767 -0.165166120233 -16.5166120233
21 0.896466486833 -0.100833513167 -10.0833513167
22 1.18876268538 0.191462685381 19.1462685381
23 0.819912987057 -0.177387012943 -17.7387012943
24 1.08969912827 0.0923991282661 9.23991282661
25 0.755312946917 -0.241987053083 -24.1987053083
26 1.09731940189 0.10001940189 10.001940189
27 0.700087478781 -0.297212521219 -29.7212521219
28 0.764204583459 -0.233095416541 -23.3095416541
29 0.896974774631 -0.100325225369 -10.0325225369
30 0.792508456921 -0.204791543079 -20.4791543079
31 1.60300654607 0.605706546068 60.5706546068
32 1.33735802105 0.340058021054 34.0058021054
33 1.00445954761 0.0071595476127 0.71595476127
34 0.97898103502 -0.0183189649802 -1.83189649802
35 1.08285645162 0.0855564516161 8.55564516161
36 1.05667794256 0.059377942561 5.9377942561
37 1.15281251945 0.155512519448 15.5512519448
38 0.813363942629 -0.183936057371 -18.3936057371
39 0.972493957279 -0.0248060427205 -2.48060427205
40 1.12932455111 0.132024551112 13.2024551112
41 0.867485188393 -0.129814811607 -12.9814811607
42 1.07554719154 0.0782471915354 7.82471915354
43 0.772183643221 -0.225116356779 -22.5116356779
44 1.08069335035 0.0833933503465 8.33933503465
45 1.21246393474 0.215163934744 21.5163934744
46 0.568538675617 -0.428761324383 -42.8761324383
47 0.908676065944 -0.088623934056 -8.8623934056
48 0.990635571151 -0.00666442884902 -0.666442884902
49 1.01701857464 0.019718574644 1.9718574644
50 0.855909133474 -0.141390866526 -14.1390866526
51 0.930740267358 -0.0665597326418 -6.65597326418
52 0.914432834909 -0.0828671650914 -8.28671650914
53 0.940520193931 -0.0567798060688 -5.67798060688
54 1.10070619017 0.103406190168 10.3406190168
55 1.03591296474 0.0386129647358 3.86129647358
56 1.14630687519 0.149006875189 14.9006875189
57 0.958015511995 -0.0392844880048 -3.92844880048
58 1.14777086864 0.150470868644 15.0470868644
59 0.885381803075 -0.111918196925 -11.1918196925
60 0.911384725459 -0.0859152745411 -8.59152745411
61 1.3624939712 0.365193971203 36.5193971203
62 0.920332401585 -0.0769675984146 -7.69675984146
63 0.980081561996 -0.0172184380042 -1.72184380042
64 0.8172743462 -0.1800256538 -18.00256538
65 0.949990909741 -0.0473090902594 -4.73090902594
66 0.864554680277 -0.132745319723 -13.2745319723
67 0.779892465455 -0.217407534545 -21.7407534545
68 1.04890825181 0.0516082518069 5.16082518069
69 1.10157171341 0.104271713408 10.4271713408
70 1.12083338907 0.123533389074 12.3533389074
71 1.03714191942 0.0398419194181 3.98419194181
72 1.18876268538 0.191462685381 19.1462685381
73 1.00877606886 0.0114760688633 1.14760688633
74 1.02811907925 0.0308190792486 3.08190792486
75 0.918569669251 -0.0787303307485 -7.87303307485
76 1.06362977113 0.0663297711305 6.63297711305
77 0.925601034425 -0.0716989655749 -7.16989655749
78 0.822989551418 -0.174310448582 -17.4310448582
79 0.932275979531 -0.0650240204694 -6.50240204694
80 0.980729215439 -0.0165707845605 -1.65707845605
81 1.29060376072 0.293303760716 29.3303760716
82 0.956808990673 -0.0404910093273 -4.04910093273
83 0.658399194389 -0.338900805611 -33.8900805611
84 0.905723950767 -0.0915760492334 -9.15760492334
85 1.03427404924 0.0369740492392 3.69740492392
86 1.21640832923 0.219108329227 21.9108329227
87 0.901280332216 -0.0960196677839 -9.60196677839
88 0.972624015312 -0.0246759846881 -2.46759846881
89 0.907748770084 -0.0895512299157 -8.95512299157
90 0.977427096869 -0.019872903131 -1.9872903131
91 0.9922697729 -0.00503022709959 -0.503022709959
92 0.95617868172 -0.0411213182804 -4.11213182804
93 1.02205604187 0.0247560418725 2.47560418725
94 1.03700574682 0.0397057468219 3.97057468219
95 1.17565906702 0.178359067015 17.8359067015
96 0.990635571151 -0.00666442884902 -0.666442884902
97 0.832958233463 -0.164341766537 -16.4341766537
98 1.01893944461 0.0216394446124 2.16394446124
99 1.36824562306 0.370945623062 37.0945623062
100 0.99856065572 0.00126065572019 0.126065572019
101 1.15294073752 0.155640737524 15.5640737524
102 0.909053818233 -0.0882461817673 -8.82461817673
103 0.876770780842 -0.120529219158 -12.0529219158
104 0.822989551418 -0.174310448582 -17.4310448582
105 0.995887019231 -0.00141298076865 -0.141298076865
106 1.03175629297 0.0344562929723 3.44562929723
107 0.755176458235 -0.242123541765 -24.2123541765
108 1.10070619017 0.103406190168 10.3406190168
109 0.937565266652 -0.0597347333479 -5.97347333479
110 0.972624015312 -0.0246759846881 -2.46759846881
111 1.04915237392 0.051852373923 5.1852373923
112 1.27367430577 0.276374305766 27.6374305766
113 0.904401098877 -0.0928989011233 -9.28989011233
114 1.29304011392 0.295740113923 29.5740113923
115 1.0333526233 0.0360526232966 3.60526232966
116 1.18876268538 0.191462685381 19.1462685381
117 0.934444248352 -0.0628557516475 -6.28557516475
118 0.886534884013 -0.110765115987 -11.0765115987
119 0.898776624062 -0.0985233759381 -9.85233759381
120 0.931197436882 -0.0661025631181 -6.61025631181
121 1.02143031862 0.0241303186174 2.41303186174
122 0.837980253629 -0.159319746371 -15.9319746371
123 0.946860663997 -0.0504393360035 -5.04393360035
124 0.920332401585 -0.0769675984146 -7.69675984146
125 1.00777850545 0.010478505451 1.0478505451
126 1.03780869359 0.0405086935867 4.05086935867
127 0.860909063995 -0.136390936005 -13.6390936005
128 0.947295264913 -0.0500047350869 -5.00047350869
129 0.829143549405 -0.168156450595 -16.8156450595
130 0.914432834909 -0.0828671650914 -8.28671650914
131 0.925357152255 -0.0719428477455 -7.19428477455
132 1.09870490619 0.101404906186 10.1404906186
133 1.03655005863 0.0392500586305 3.92500586305
134 0.869393605727 -0.127906394273 -12.7906394273
135 0.933166845633 -0.064133154367 -6.4133154367
136 0.944017426626 -0.0532825733738 -5.32825733738
137 0.93690060867 -0.0603993913301 -6.03993913301
138 1.01647823822 0.0191782382245 1.91782382245
139 0.991828347606 -0.00547165239378 -0.547165239378
140 0.951010148305 -0.0462898516951 -4.62898516951
141 1.14634671822 0.149046718221 14.9046718221
142 0.987845048415 -0.00945495158465 -0.945495158465
143 0.964097367565 -0.0332026324354 -3.32026324354
144 0.957614385446 -0.039685614554 -3.9685614554
145 0.950805243878 -0.046494756122 -4.6494756122
146 0.928211959818 -0.0690880401818 -6.90880401818
147 0.970215082656 -0.0270849173443 -2.70849173443
148 1.01205471864 0.0147547186353 1.47547186353
149 1.08482373447 0.0875237344737 8.75237344737
150 0.855909133474 -0.141390866526 -14.1390866526
151 0.834329863191 -0.162970136809 -16.2970136809
152 0.922855242599 -0.0744447574015 -7.44447574015
153 0.947718834711 -0.0495811652886 -4.95811652886
154 0.926308586011 -0.0709914139887 -7.09914139887
155 0.858814941313 -0.138485058687 -13.8485058687
156 1.0058761184 0.00857611839946 0.857611839946
157 0.878160052363 -0.119139947637 -11.9139947637
158 1.06838165395 0.0710816539502 7.10816539502
159 0.852167687935 -0.145132312065 -14.5132312065
160 0.906431547603 -0.0908684523968 -9.08684523968
161 0.930173422691 -0.0671265773093 -6.71265773093
162 0.997973612419 0.000673612418769 0.0673612418769
163 1.05001619243 0.0527161924344 5.27161924344
164 0.942311884753 -0.0549881152466 -5.49881152466
165 0.936445056269 -0.0608549437308 -6.08549437308
166 0.916636287523 -0.0806637124772 -8.06637124772
167 1.18145240507 0.184152405072 18.4152405072
168 1.04724331807 0.0499433180739 4.99433180739
169 0.900221827166 -0.0970781728337 -9.70781728337
170 1.17477724202 0.177477242024 17.7477242024
171 1.1399232548 0.142623254799 14.2623254799
172 0.898483424997 -0.0988165750026 -9.88165750026
173 0.920636348937 -0.0766636510627 -7.66636510627
174 0.929147846045 -0.0681521539549 -6.81521539549
175 0.910117921692 -0.0871820783082 -8.71820783082
176 0.824028679639 -0.173271320361 -17.3271320361
177 0.993849925471 -0.00345007452852 -0.345007452852
178 1.06855072843 0.0712507284325 7.12507284325
179 0.876505521553 -0.120794478447 -12.0794478447
180 1.16234573682 0.165045736817 16.5045736817
181 1.03756094905 0.0402609490545 4.02609490545
182 0.914432834909 -0.0828671650914 -8.28671650914
183 1.02622457019 0.0289245701852 2.89245701852
184 0.930336014646 -0.0669639853539 -6.69639853539
185 1.07938214073 0.082082140729 8.2082140729
186 0.86920282372 -0.12809717628 -12.809717628
187 1.06784095418 0.0705409541803 7.05409541803
188 0.935834454449 -0.061465545551 -6.1465545551
189 0.968498603959 -0.0288013960409 -2.88013960409
190 0.91347027403 -0.0838297259703 -8.38297259703
191 0.846343710238 -0.150956289762 -15.0956289762
192 0.978252626512 -0.0190473734884 -1.90473734884
193 0.99770017282 0.000400172819648 0.0400172819648
194 0.955912262471 -0.0413877375285 -4.13877375285
195 0.841177979118 -0.156122020882 -15.6122020882
196 1.05533013906 0.0580301390629 5.80301390629
197 0.953312584284 -0.0439874157156 -4.39874157156
198 0.960616311419 -0.0366836885809 -3.66836885809
199 0.943733756642 -0.053566243358 -5.3566243358
200 1.0817740437 0.0844740436969 8.44740436969
201 0.993481278005 -0.00381872199528 -0.381872199528
202 0.89451449593 -0.10278550407 -10.278550407
203 1.12422336916 0.126923369163 12.6923369163
204 0.874090209839 -0.123209790161 -12.3209790161
205 0.939311195154 -0.0579888048458 -5.79888048458
206 0.992559135367 -0.00474086463319 -0.474086463319
207 0.930237653177 -0.0670623468232 -6.70623468232
208 0.857280782727 -0.140019217273 -14.0019217273
209 0.966835871601 -0.0304641283988 -3.04641283988
210 0.928367049536 -0.0689329504642 -6.89329504642
211 0.94640667845 -0.0508933215502 -5.08933215502
212 0.919608869823 -0.0776911301768 -7.76911301768
213 1.03797080118 0.0406708011831 4.06708011831
214 0.977673984239 -0.0196260157613 -1.96260157613
215 0.796116511293 -0.201183488707 -20.1183488707
216 1.00164263305 0.00434263305266 0.434263305266
217 0.94215442687 -0.0551455731298 -5.51455731298
218 1.09060796824 0.0933079682396 9.33079682396
219 1.05295971232 0.0556597123171 5.56597123171
220 1.09150028385 0.09420028385 9.420028385
221 1.04343244106 0.0461324410644 4.61324410644
222 0.899604194343 -0.0976958056575 -9.76958056575
223 0.874167353251 -0.123132646749 -12.3132646749
224 1.00832549206 0.0110254920644 1.10254920644
225 0.876964207614 -0.120335792386 -12.0335792386
226 1.13616256656 0.138862566559 13.8862566559
227 1.06822144064 0.0709214406441 7.09214406441
228 0.948924599734 -0.0483754002659 -4.83754002659
229 1.0485123049 0.051212304896 5.1212304896
230 0.971684281964 -0.0256157180363 -2.56157180363
231 0.926229942646 -0.0710700573536 -7.10700573536
232 0.942811784957 -0.0544882150425 -5.44882150425
233 1.16315568475 0.165855684747 16.5855684747
234 1.0363572129 0.0390572128964 3.90572128964
235 1.08244402361 0.0851440236129 8.51440236129
236 0.957054704332 -0.0402452956677 -4.02452956677
237 1.08334189823 0.0860418982291 8.60418982291
238 0.819147396649 -0.178152603351 -17.8152603351
239 0.905178449083 -0.0921215509169 -9.21215509169
240 0.861852946901 -0.135447053099 -13.5447053099
241 1.02590602462 0.0286060246192 2.86060246192
242 0.90385262029 -0.0934473797102 -9.34473797102
243 0.948980524087 -0.0483194759128 -4.83194759128
244 0.984139600193 -0.0131603998074 -1.31603998074
245 1.0091590879 0.011859087903 1.1859087903
246 0.898820566996 -0.0984794330045 -9.84794330045
247 1.03948855389 0.042188553886 4.2188553886
248 0.891572014036 -0.105727985964 -10.5727985964
249 1.03114047337 0.0338404733717 3.38404733717
250 0.951010148305 -0.0462898516951 -4.62898516951
251 0.928210086148 -0.0690899138515 -6.90899138515
252 1.08498181602 0.0876818160225 8.76818160225
253 0.967856841686 -0.0294431583145 -2.94431583145
254 1.0389973077 0.0416973076954 4.16973076954
255 0.988235807554 -0.00906419244571 -0.906419244571
256 1.08660339211 0.0893033921062 8.93033921062
257 0.92504369406 -0.0722563059401 -7.22563059401
258 0.866230173844 -0.131069826156 -13.1069826156
259 1.06476570305 0.0674657030456 6.74657030456
260 0.923577163258 -0.0737228367423 -7.37228367423
261 0.983738173985 -0.0135618260151 -1.35618260151
262 1.06171934496 0.0644193449588 6.44193449588
263 0.940100545769 -0.0571994542313 -5.71994542313
264 0.999641349071 0.00234134907054 0.234134907054
265 0.950948796385 -0.0463512036151 -4.63512036151
266 0.902744595665 -0.0945554043346 -9.45554043346
267 1.04177075196 0.0444707519577 4.44707519577
268 0.904879059021 -0.0924209409785 -9.24209409785
269 0.954485739725 -0.0428142602754 -4.28142602754
270 1.10951183969 0.112211839689 11.2211839689
271 0.9386698217 -0.0586301782998 -5.86301782998
272 1.02268554551 0.0253855455118 2.53855455118
273 0.949210668359 -0.0480893316407 -4.80893316407
274 1.04992908709 0.0526290870885 5.26290870885
275 0.925018090438 -0.0722819095619 -7.22819095619
276 1.11123468416 0.113934684161 11.3934684161
277 0.858261729947 -0.139038270053 -13.9038270053
278 0.992060946074 -0.0052390539265 -0.52390539265
279 1.04809534289 0.050795342887 5.0795342887
280 1.01044828257 0.013148282574 1.3148282574
281 0.922190023608 -0.0751099763919 -7.51099763919
282 1.02857480579 0.0312748057908 3.12748057908
283 0.974478241035 -0.0228217589653 -2.28217589653
284 1.00458818483 0.00728818482917 0.728818482917
285 0.992665749765 -0.00463425023451 -0.463425023451
286 0.980937041084 -0.0163629589162 -1.63629589162
287 0.952614562482 -0.0446854375184 -4.46854375184
288 0.94935908902 -0.0479409109803 -4.79409109803
289 0.978927932447 -0.0183720675531 -1.83720675531
290 1.13137414195 0.134074141949 13.4074141949
291 0.96403087465 -0.03326912535 -3.326912535
292 0.944496380166 -0.0528036198341 -5.28036198341
293 1.07104705592 0.0737470559201 7.37470559201
294 0.994678981645 -0.00262101835452 -0.262101835452
295 0.999314570787 0.00201457078713 0.201457078713
296 0.923700735262 -0.0735992647376 -7.35992647376
297 0.888524451137 -0.108775548863 -10.8775548863
298 0.965371039806 -0.0319289601938 -3.19289601938
299 0.890532935092 -0.106767064908 -10.6767064908
300 0.943085063736 -0.0542149362643 -5.42149362643
301 0.924108168566 -0.0731918314339 -7.31918314339
302 0.952584668418 -0.044715331582 -4.4715331582
303 0.88662412395 -0.11067587605 -11.067587605
304 0.907213628317 -0.0900863716828 -9.00863716828
305 0.989937760681 -0.00736223931929 -0.736223931929
306 0.909053818233 -0.0882461817673 -8.82461817673
307 0.968001256688 -0.0292987433119 -2.92987433119
308 0.972624015312 -0.0246759846881 -2.46759846881
309 0.938654797552 -0.0586452024482 -5.86452024482
310 0.997026768384 -0.000273231615784 -0.0273231615784
311 1.06257410613 0.0652741061309 6.52741061309
312 0.822989551418 -0.174310448582 -17.4310448582
313 1.00261609013 0.0053160901302 0.53160901302
314 0.984325790443 -0.012974209557 -1.2974209557
315 1.04908234169 0.0517823416911 5.17823416911
316 0.978095880377 -0.0192041196231 -1.92041196231
317 1.03496438246 0.0376643824643 3.76643824643
318 1.04670928273 0.0494092827256 4.94092827256
319 0.976307076725 -0.0209929232748 -2.09929232748
320 1.05502688328 0.0577268832758 5.77268832758
321 1.06650654395 0.0692065439493 6.92065439493
322 0.982021348793 -0.0152786512069 -1.52786512069
323 0.905334123064 -0.0919658769357 -9.19658769357
324 0.968621447348 -0.0286785526524 -2.86785526524
325 1.01680569808 0.0195056980792 1.95056980792
326 0.9772650297 -0.0200349703001 -2.00349703001
327 1.01785764334 0.0205576433351 2.05576433351
328 1.12352570874 0.126225708744 12.6225708744
329 0.997218141601 -8.18583993185e-05 -0.00818583993185
330 1.02305637166 0.0257563716614 2.57563716614
331 0.869089649682 -0.128210350318 -12.8210350318
332 0.952442392504 -0.0448576074958 -4.48576074958
333 1.07805304376 0.0807530437624 8.07530437624
334 1.04639589671 0.0490958967128 4.90958967128
335 0.922584540148 -0.0747154598521 -7.47154598521
336 0.856192172209 -0.141107827791 -14.1107827791
337 0.980601909064 -0.0166980909357 -1.66980909357
338 0.970705624749 -0.0265943752509 -2.65943752509
339 1.0589739769 0.0616739768984 6.16739768984
340 0.97898103502 -0.0183189649802 -1.83189649802
341 0.976072092543 -0.0212279074566 -2.12279074566
342 1.03582245685 0.0385224568526 3.85224568526
343 0.928793386144 -0.0685066138564 -6.85066138564
344 0.981420356536 -0.0158796434644 -1.58796434644
345 1.10946960841 0.112169608412 11.2169608412
346 0.989490327716 -0.00780967228387 -0.780967228387
347 0.993453048189 -0.0038469518113 -0.38469518113
348 0.963307693326 -0.0339923066739 -3.39923066739
349 0.99457247248 -0.00272752751974 -0.272752751974
350 0.978181866828 -0.0191181331721 -1.91181331721
351 0.961812500969 -0.0354874990308 -3.54874990308
352 0.986132682191 -0.0111673178088 -1.11673178088
353 0.949628581265 -0.0476714187353 -4.76714187353
354 1.03429069802 0.0369906980153 3.69906980153
355 1.02464311253 0.0273431125271 2.73431125271
356 1.04183696022 0.0445369602217 4.45369602217
357 0.958967740459 -0.0383322595415 -3.83322595415
358 0.996169848085 -0.00113015191521 -0.113015191521
359 0.947003277904 -0.0502967220963 -5.02967220963
360 1.00384404543 0.006544045433 0.6544045433
361 1.06029993841 0.0629999384067 6.29999384067
362 0.96545919752 -0.0318408024805 -3.18408024805
363 0.982414722014 -0.0148852779857 -1.48852779857
364 1.103851065 0.106551064997 10.6551064997
365 1.03565391446 0.0383539144637 3.83539144637
366 0.863964137463 -0.133335862537 -13.3335862537
367 1.02353235179 0.0262323517891 2.62323517891
368 1.01432468264 0.017024682635 1.7024682635
369 1.01154217734 0.0142421773418 1.42421773418
370 1.03454482349 0.0372448234939 3.72448234939
371 1.03172233272 0.0344223327224 3.44223327224
372 1.03537395178 0.0380739517836 3.80739517836
373 1.01344296055 0.0161429605503 1.61429605503
374 1.06797931093 0.0706793109307 7.06793109307
375 0.912940329627 -0.0843596703731 -8.43596703731
376 0.954804071769 -0.0424959282311 -4.24959282311
377 0.882872525152 -0.114427474848 -11.4427474848
378 0.99378044598 -0.00351955401997 -0.351955401997
379 0.991127072725 -0.00617292727505 -0.617292727505
380 0.957266794017 -0.0400332059825 -4.00332059825
381 1.06704501263 0.0697450126338 6.97450126338
382 0.995822144822 -0.00147785517807 -0.147785517807
383 1.01802119685 0.0207211968496 2.07211968496
384 0.959678209553 -0.0376217904475 -3.76217904475
385 0.938630677284 -0.0586693227156 -5.86693227156
386 0.99166213651 -0.00563786349031 -0.563786349031
387 1.00749965386 0.010199653855 1.0199653855
388 0.851742336433 -0.145557663567 -14.5557663567
389 1.00232001802 0.00502001802372 0.502001802372
390 0.926625272707 -0.0706747272926 -7.06747272926
391 1.03975649754 0.0424564975371 4.24564975371
392 0.964353402937 -0.0329465970632 -3.29465970632
393 0.937673340348 -0.0596266596521 -5.96266596521
394 1.04393880493 0.0466388049287 4.66388049287
395 0.987095794834 -0.0102042051657 -1.02042051657
396 0.94260475558 -0.05469524442 -5.469524442
397 0.988111863409 -0.00918813659066 -0.918813659066
398 0.937868048266 -0.0594319517344 -5.94319517344
399 0.899739635495 -0.0975603645049 -9.75603645049
400 0.945066334878 -0.052233665122 -5.2233665122
401 0.883394761709 -0.113905238291 -11.3905238291
402 0.881222090158 -0.116077909842 -11.6077909842
403 1.00879776014 0.0114977601379 1.14977601379
404 0.806240039095 -0.191059960905 -19.1059960905
405 0.968594693469 -0.0287053065307 -2.87053065307
406 0.989659575514 -0.00764042448562 -0.764042448562
407 1.03393238632 0.0366323863219 3.66323863219
408 1.07221732407 0.0749173240693 7.49173240693
409 0.935870948245 -0.0614290517546 -6.14290517546
410 0.858228670422 -0.139071329578 -13.9071329578
411 1.00651659209 0.00921659209391 0.921659209391
412 1.00987121331 0.0125712133093 1.25712133093
413 0.955590142314 -0.0417098576856 -4.17098576856
414 1.01647823822 0.0191782382245 1.91782382245
415 0.991086914147 -0.00621308585309 -0.621308585309
416 0.960154476654 -0.037145523346 -3.7145523346
417 0.917917534247 -0.0793824657531 -7.93824657531
418 0.972624015312 -0.0246759846881 -2.46759846881
419 0.964603539173 -0.0326964608268 -3.26964608268
420 0.945349373613 -0.0519506263873 -5.19506263873
421 1.04472909918 0.047429099182 4.7429099182
422 0.940869044828 -0.0564309551722 -5.64309551722
423 0.927380031627 -0.0699199683727 -6.99199683727
424 0.852320415934 -0.144979584066 -14.4979584066
425 0.934204183804 -0.0630958161957 -6.30958161957
426 0.859481002576 -0.137818997424 -13.7818997424
427 1.0356176365 0.0383176364973 3.83176364973
428 1.00544881334 0.00814881333642 0.814881333642
429 1.03078982051 0.0334898205085 3.34898205085
430 1.01183056477 0.0145305647663 1.45305647663
431 0.899134997482 -0.0981650025179 -9.81650025179
432 0.979628509249 -0.0176714907507 -1.76714907507
433 0.99930522289 0.00200522289035 0.200522289035
434 1.02441761367 0.0271176136695 2.71176136695
435 0.961918268394 -0.0353817316058 -3.53817316058
436 0.997906290939 0.000606290939248 0.0606290939248
437 0.962956538239 -0.0343434617612 -3.43434617612
438 0.928211959818 -0.0690880401818 -6.90880401818
439 1.06146701159 0.0641670115898 6.41670115898
440 0.956413615057 -0.0408863849433 -4.08863849433
441 0.916485028551 -0.0808149714486 -8.08149714486
442 1.0273921851 0.0300921851032 3.00921851032
443 0.928447841688 -0.0688521583118 -6.88521583118
444 0.931732915569 -0.065567084431 -6.5567084431
445 0.881534182494 -0.115765817506 -11.5765817506
446 1.04483177729 0.0475317772857 4.75317772857
447 0.999920883632 0.00262088363223 0.262088363223
448 1.00301851579 0.00571851579037 0.571851579037
449 0.953106791835 -0.0441932081654 -4.41932081654
450 1.06196133227 0.0646613322739 6.46613322739
451 0.91197944066 -0.08532055934 -8.532055934
452 0.988882233857 -0.00841776614309 -0.841776614309
453 0.991925771641 -0.00537422835901 -0.537422835901
454 1.04736800474 0.0500680047411 5.00680047411
455 0.998016281884 0.000716281884483 0.0716281884483
456 0.97499395687 -0.0223060431303 -2.23060431303
457 0.998851135324 0.00155113532396 0.155113532396
458 0.913634203612 -0.0836657963883 -8.36657963883
459 0.937522523441 -0.0597774765593 -5.97774765593
460 0.976852815378 -0.0204471846216 -2.04471846216
461 1.01081353294 0.0135135329404 1.35135329404
462 1.00864712699 0.0113471269901 1.13471269901
463 0.960232933488 -0.0370670665115 -3.70670665115
464 0.97355564751 -0.0237443524896 -2.37443524896
465 1.00211872872 0.00481872872236 0.481872872236
466 0.903051482028 -0.0942485179722 -9.42485179722
467 0.967281448435 -0.030018551565 -3.0018551565
468 1.10747976672 0.110179766723 11.0179766723
469 0.983433735369 -0.0138662646313 -1.38662646313
470 0.996537229873 -0.000762770127266 -0.0762770127266
471 1.06506923201 0.0677692320076 6.77692320076
472 0.946980444287 -0.0503195557133 -5.03195557133
473 1.05553957189 0.0582395718889 5.82395718889
474 1.03828639609 0.0409863960924 4.09863960924
475 0.955996268376 -0.0413037316243 -4.13037316243
476 0.944017426626 -0.0532825733738 -5.32825733738
477 0.932051135556 -0.0652488644437 -6.52488644437
478 0.954989270264 -0.0423107297356 -4.23107297356
479 0.828891225337 -0.168408774663 -16.8408774663
480 1.00549510472 0.00819510471825 0.819510471825
481 0.97867111277 -0.0186288872299 -1.86288872299
482 1.01612080161 0.0188208016121 1.88208016121
483 1.03860892549 0.0413089254928 4.13089254928
484 1.05121989534 0.0539198953371 5.39198953371
485 0.89216759464 -0.10513240536 -10.513240536
486 1.05178591505 0.0544859150492 5.44859150492
487 0.922677025447 -0.0746229745531 -7.46229745531
488 0.984139600193 -0.0131603998074 -1.31603998074
489 1.03072766655 0.0334276665483 3.34276665483
490 0.941305963118 -0.0559940368818 -5.59940368818
491 1.04105569991 0.043755699908 4.3755699908
492 0.947144253393 -0.0501557466069 -5.01557466069
493 1.06094489189 0.0636448918897 6.36448918897
494 0.895181617332 -0.102118382668 -10.2118382668
495 1.02303745546 0.0257374554635 2.57374554635
496 1.02099375801 0.0236937580088 2.36937580088
497 0.999786093778 0.00248609377812 0.248609377812
498 0.973926055493 -0.023373944507 -2.3373944507
499 0.933840669449 -0.0634593305511 -6.34593305511
500 1.09841672129 0.101116721292 10.1116721292
501 1.01078595486 0.013485954861 1.3485954861
502 0.861971349559 -0.135328650441 -13.5328650441
503 0.973680827722 -0.0236191722779 -2.36191722779
504 1.04252600583 0.0452260058303 4.52260058303
505 1.01690367726 0.0196036772574 1.96036772574
506 0.986720015534 -0.0105799844662 -1.05799844662
507 0.961309883064 -0.0359901169361 -3.59901169361
508 0.97815512301 -0.0191448769895 -1.91448769895
509 0.924836525577 -0.0724634744232 -7.24634744232
510 0.99762829283 0.000328292829697 0.0328292829697
511 1.05614265229 0.0588426522888 5.88426522888
512 0.938008056434 -0.0592919435664 -5.92919435664
513 1.0751976421 0.0778976420972 7.78976420972
514 1.01761786297 0.0203178629722 2.03178629722
515 0.937144477677 -0.0601555223225 -6.01555223225
516 1.05974968077 0.0624496807662 6.24496807662
517 0.974906838135 -0.0223931618655 -2.23931618655
518 1.05565798316 0.058357983157 5.8357983157
519 1.03528265199 0.0379826519914 3.79826519914
520 0.900716342385 -0.096583657615 -9.6583657615
521 0.99936538544 0.00206538544017 0.206538544017
522 0.819836334746 -0.177463665254 -17.7463665254
523 1.05464005744 0.0573400574429 5.73400574429
524 0.975511363958 -0.0217886360422 -2.17886360422
525 1.03703687742 0.0397368774169 3.97368774169
526 0.989882236116 -0.00741776388411 -0.741776388411
527 1.00603322375 0.00873322375341 0.873322375341
528 0.914086458835 -0.0832135411652 -8.32135411652
529 1.01571273125 0.0184127312482 1.84127312482
530 0.892693488267 -0.104606511733 -10.4606511733
531 0.976068178685 -0.0212318213148 -2.12318213148
532 0.956372987487 -0.0409270125129 -4.09270125129
533 0.950102866766 -0.0471971332344 -4.71971332344
534 1.02402778141 0.0267277814145 2.67277814145
535 0.942107290683 -0.0551927093166 -5.51927093166
536 1.06012791719 0.0628279171869 6.28279171869
537 1.0448550694 0.0475550693954 4.75550693954
538 0.928030349182 -0.0692696508177 -6.92696508177
539 0.948348763215 -0.0489512367852 -4.89512367852
540 0.955412973066 -0.0418870269344 -4.18870269344
541 0.997578382665 0.000278382664921 0.0278382664921
542 1.01329955839 0.0159995583876 1.59995583876
543 0.976390444001 -0.0209095559988 -2.09095559988
544 1.05327870286 0.0559787028561 5.59787028561
545 1.01643112264 0.0191311226423 1.91311226423
546 0.940559487335 -0.0567405126654 -5.67405126654
547 1.0605254234 0.0632254233991 6.32254233991
548 0.919772588689 -0.0775274113109 -7.75274113109
549 1.00469507265 0.00739507264814 0.739507264814
550 0.985592335516 -0.011707664484 -1.1707664484
551 0.962214602423 -0.035085397577 -3.5085397577
552 1.00355690469 0.00625690468774 0.625690468774
553 0.997428054961 0.000128054960602 0.0128054960602
554 0.965601459245 -0.0316985407554 -3.16985407554
555 0.950996160657 -0.0463038393427 -4.63038393427
556 1.01771769468 0.0204176946789 2.04176946789
557 0.977460250234 -0.0198397497662 -1.98397497662
558 1.0055483647 0.00824836469519 0.824836469519
559 0.973963177404 -0.0233368225955 -2.33368225955
560 0.993465958497 -0.00383404150287 -0.383404150287
561 0.983204894454 -0.0140951055462 -1.40951055462
562 0.994160964643 -0.00313903535738 -0.313903535738
563 0.886808510759 -0.110491489241 -11.0491489241
564 0.994851041667 -0.00244895833348 -0.244895833348
565 0.99307614926 -0.00422385073991 -0.422385073991
566 1.05854486472 0.0612448647211 6.12448647211
567 1.01053887079 0.013238870795 1.3238870795
568 0.883200445829 -0.114099554171 -11.4099554171
569 0.948489818957 -0.0488101810431 -4.88101810431
570 0.884272594038 -0.113027405962 -11.3027405962
571 0.974313846122 -0.0229861538778 -2.29861538778
572 0.955997963768 -0.0413020362319 -4.13020362319
573 1.00410680719 0.00680680719062 0.680680719062
574 1.01893944461 0.0216394446124 2.16394446124
575 0.959266656928 -0.0380333430722 -3.80333430722
576 1.05667794256 0.059377942561 5.9377942561
577 1.01774831075 0.0204483107463 2.04483107463
578 1.00366122918 0.00636122917996 0.636122917996
579 0.874621865689 -0.122678134311 -12.2678134311
580 0.946910966631 -0.0503890333688 -5.03890333688
581 0.945268484637 -0.0520315153629 -5.20315153629
582 0.95999735761 -0.0373026423898 -3.73026423898
583 0.937947763946 -0.0593522360539 -5.93522360539
584 1.01370516664 0.0164051666435 1.64051666435
585 1.02415121684 0.0268512168389 2.68512168389
586 1.04270310629 0.04540310629 4.540310629
587 1.02066186679 0.0233618667915 2.33618667915
588 0.982548750162 -0.014751249838 -1.4751249838
589 1.01719621259 0.019896212587 1.9896212587
590 1.01145570858 0.0141557085786 1.41557085786
591 0.937320179307 -0.0599798206931 -5.99798206931
592 0.943781186029 -0.053518813971 -5.3518813971
593 0.998307234726 0.00100723472553 0.100723472553
594 0.944606039562 -0.0526939604378 -5.26939604378
595 0.958989557769 -0.0383104422306 -3.83104422306
596 1.07706686259 0.0797668625937 7.97668625937
597 1.0194954072 0.0221954071976 2.21954071976
598 0.922384424777 -0.0749155752226 -7.49155752226
599 0.968462212808 -0.0288377871924 -2.88377871924
600 0.935159979167 -0.0621400208335 -6.21400208335
601 0.988974854311 -0.0083251456889 -0.83251456889
602 0.967597534613 -0.0297024653874 -2.97024653874
603 1.03695088147 0.0396508814715 3.96508814715
604 1.03918327464 0.0418832746379 4.18832746379
605 0.947068631754 -0.0502313682459 -5.02313682459
606 0.941594206243 -0.0557057937575 -5.57057937575
607 1.01445057549 0.0171505754936 1.71505754936
608 0.985421699724 -0.0118783002761 -1.18783002761
609 1.02283093261 0.0255309326092 2.55309326092
610 0.896443992255 -0.100856007745 -10.0856007745
611 0.883292487013 -0.114007512987 -11.4007512987
612 1.03725371568 0.0399537156757 3.99537156757
613 0.969615296033 -0.0276847039673 -2.76847039673
614 1.00289750982 0.0055975098167 0.55975098167
615 1.0283157289 0.0310157289003 3.10157289003
616 0.941747062445 -0.0555529375552 -5.55529375552
617 1.01727589652 0.0199758965186 1.99758965186
618 0.969476364777 -0.0278236352231 -2.78236352231
619 0.979421326355 -0.0178786736454 -1.78786736454
620 0.893489373206 -0.103810626794 -10.3810626794
621 1.00306655264 0.00576655264186 0.576655264186
622 1.06262387954 0.0653238795369 6.53238795369
623 0.957868221981 -0.0394317780186 -3.94317780186
624 1.00968625521 0.0123862552116 1.23862552116
625 0.962411107833 -0.0348888921667 -3.48888921667
626 0.911511324254 -0.0857886757461 -8.57886757461
627 0.985884326368 -0.0114156736319 -1.14156736319
628 0.931323632496 -0.0659763675039 -6.59763675039
629 0.982749630942 -0.0145503690578 -1.45503690578
630 0.973653247074 -0.0236467529259 -2.36467529259
631 0.957027849058 -0.0402721509421 -4.02721509421
632 0.929191086358 -0.0681089136419 -6.81089136419
633 1.03287849031 0.0355784903142 3.55784903142
634 0.885009444006 -0.112290555994 -11.2290555994
635 0.995928571565 -0.0013714284352 -0.13714284352
636 0.867273405687 -0.130026594313 -13.0026594313
637 1.04505442864 0.0477544286425 4.77544286425
638 1.01361583205 0.0163158320492 1.63158320492
639 0.922722613123 -0.0745773868772 -7.45773868772
640 0.928720847954 -0.068579152046 -6.8579152046
641 1.02740603129 0.030106031285 3.0106031285
642 1.01841040025 0.0211104002487 2.11104002487
643 1.03530296907 0.0380029690692 3.80029690692
644 0.908185157155 -0.0891148428454 -8.91148428454
645 1.04315093445 0.045850934447 4.5850934447
646 0.982661414851 -0.0146385851493 -1.46385851493
647 0.973782696196 -0.0235173038043 -2.35173038043
648 0.931931241009 -0.0653687589913 -6.53687589913
649 0.99276185699 -0.00453814300984 -0.453814300984
650 1.0058761184 0.00857611839946 0.857611839946
651 1.12483868821 0.12753868821 12.753868821
652 1.01373014275 0.0164301427484 1.64301427484
653 1.00488519201 0.0075851920069 0.75851920069
654 1.02517149015 0.0278714901452 2.78714901452
655 0.97640850541 -0.0208914945903 -2.08914945903
656 0.906069119955 -0.0912308800448 -9.12308800448
657 1.09647279493 0.0991727949278 9.91727949278
658 1.0008731424 0.003573142403 0.3573142403
659 0.883896265782 -0.113403734218 -11.3403734218
660 1.11311415086 0.115814150857 11.5814150857
661 0.953158381579 -0.0441416184212 -4.41416184212
662 1.0666541316 0.0693541315958 6.93541315958
663 0.971798996647 -0.0255010033531 -2.55010033531
664 0.934539340014 -0.0627606599865 -6.27606599865
665 0.958150784391 -0.0391492156088 -3.91492156088
666 0.978141068452 -0.0191589315482 -1.91589315482
667 0.905375254089 -0.0919247459113 -9.19247459113
668 0.964534993228 -0.0327650067716 -3.27650067716
669 0.980852555871 -0.0164474441295 -1.64474441295
670 0.979398510941 -0.0179014890591 -1.79014890591
671 0.977929060232 -0.0193709397683 -1.93709397683
672 0.983559602786 -0.0137403972144 -1.37403972144
673 0.996219090842 -0.0010809091583 -0.10809091583
674 1.008860914 0.011560914003 1.1560914003
675 1.00031183893 0.00301183893162 0.301183893162
676 0.991807920939 -0.00549207906067 -0.549207906067
677 0.951703111651 -0.0455968883486 -4.55968883486
678 0.978362210092 -0.0189377899075 -1.89377899075
679 0.917386636206 -0.0799133637943 -7.99133637943
680 0.992966478377 -0.00433352162278 -0.433352162278
681 1.02291942492 0.0256194249151 2.56194249151
682 1.00748509113 0.0101850911295 1.01850911295
683 0.915495021597 -0.0818049784025 -8.18049784025
684 0.903737714032 -0.0935622859675 -9.35622859675
685 0.944059353133 -0.0532406468671 -5.32406468671
686 0.914966031897 -0.0823339681031 -8.23339681031
687 1.05205352948 0.0547535294767 5.47535294767
688 0.967597534613 -0.0297024653874 -2.97024653874
689 1.00759184732 0.0102918473156 1.02918473156
690 1.00269548245 0.00539548245195 0.539548245195
691 0.856726773057 -0.140573226943 -14.0573226943
692 0.958568754975 -0.038731245025 -3.8731245025
693 1.01206835193 0.0147683519333 1.47683519333
694 0.983212941511 -0.0140870584888 -1.40870584888
695 0.992051641095 -0.00524835890536 -0.524835890536
696 1.00429951006 0.00699951006341 0.699951006341
697 0.938039282124 -0.0592607178765 -5.92607178765
698 0.998015664231 0.000715664231192 0.0715664231192
699 1.00338123174 0.00608123174457 0.608123174457
700 0.978181866828 -0.0191181331721 -1.91181331721
701 0.969994275302 -0.0273057246983 -2.73057246983
702 1.07699867223 0.0796986722257 7.96986722257
703 0.990908318115 -0.00639168188519 -0.639168188519
704 1.02665868283 0.0293586828292 2.93586828292
705 0.93413975125 -0.0631602487499 -6.31602487499
706 1.03048550064 0.033185500642 3.3185500642
707 0.978576537549 -0.0187234624508 -1.87234624508
708 0.913399577468 -0.083900422532 -8.3900422532
709 0.948989585096 -0.0483104149044 -4.83104149044
710 0.997890930264 0.000590930263639 0.0590930263639
711 0.986446833558 -0.0108531664423 -1.08531664423
712 0.9884094238 -0.00889057619992 -0.889057619992
713 0.957003787395 -0.0402962126053 -4.02962126053
714 0.949012227825 -0.0482877721747 -4.82877721747
715 0.944351358715 -0.0529486412849 -5.29486412849
716 0.956323054161 -0.0409769458386 -4.09769458386
717 1.0047194404 0.00741944039904 0.741944039904
718 1.02650816844 0.029208168435 2.9208168435
719 0.98208462702 -0.0152153729804 -1.52153729804
720 1.03686523114 0.039565231138 3.9565231138
721 0.979360445369 -0.017939554631 -1.7939554631
722 0.961547656873 -0.0357523431266 -3.57523431266
723 1.04241910153 0.0451191015277 4.51191015277
724 1.00486569538 0.00756569537746 0.756569537746
725 0.964119219579 -0.0331807804206 -3.31807804206
726 0.920226761962 -0.0770732380383 -7.70732380383
727 0.964737238362 -0.0325627616382 -3.25627616382
728 0.917698666462 -0.0796013335382 -7.96013335382
729 0.952306570541 -0.0449934294591 -4.49934294591
730 1.00637717749 0.00907717748708 0.907717748708
731 1.08630197157 0.0890019715741 8.90019715741
732 0.997131542109 -0.000168457890649 -0.0168457890649
733 0.921161680431 -0.0761383195687 -7.61383195687
734 1.02032764549 0.0230276454907 2.30276454907
735 1.01569619818 0.0183961981773 1.83961981773
736 0.962639348488 -0.034660651512 -3.4660651512
737 0.948421477329 -0.0488785226708 -4.88785226708
738 0.947144253393 -0.0501557466069 -5.01557466069
739 0.958723522186 -0.0385764778142 -3.85764778142
740 0.983138869531 -0.0141611304685 -1.41611304685
741 1.01068058352 0.0133805835248 1.33805835248
742 0.964467839083 -0.0328321609172 -3.28321609172
743 1.04635856786 0.0490585678645 4.90585678645
744 0.910745605736 -0.0865543942644 -8.65543942644
745 1.01801933211 0.0207193321131 2.07193321131
746 0.924239085149 -0.0730609148511 -7.30609148511
747 0.919811584345 -0.0774884156554 -7.74884156554
748 0.912232328087 -0.0850676719134 -8.50676719134
749 1.025279697 0.0279796970001 2.79796970001
750 1.01758085869 0.0202808586863 2.02808586863
751 0.949736194103 -0.0475638058968 -4.75638058968
752 1.02435933528 0.0270593352753 2.70593352753
753 0.934584178846 -0.0627158211543 -6.27158211543
754 1.04371471846 0.0464147184646 4.64147184646
755 1.01398289372 0.0166828937175 1.66828937175
756 1.00007019564 0.00277019563814 0.277019563814
757 0.923364508309 -0.0739354916907 -7.39354916907
758 1.06016302812 0.0628630281236 6.28630281236
759 1.01177161448 0.0144716144844 1.44716144844
760 0.954138471161 -0.0431615288388 -4.31615288388
761 0.987243284754 -0.010056715246 -1.0056715246
762 1.00155596327 0.00425596327391 0.425596327391
763 1.08436748396 0.0870674839634 8.70674839634
764 0.986486312214 -0.0108136877858 -1.08136877858
765 1.0411305011 0.043830501097 4.3830501097
766 0.962183896784 -0.0351161032163 -3.51161032163
767 0.939223780312 -0.0580762196882 -5.80762196882
768 0.934912320274 -0.0623876797263 -6.23876797263
769 0.9213226691 -0.0759773308997 -7.59773308997
770 0.972624015312 -0.0246759846881 -2.46759846881
771 0.952853100413 -0.0444468995875 -4.44468995875
772 0.957785479672 -0.0395145203276 -3.95145203276
773 0.974993309324 -0.0223066906759 -2.23066906759
774 1.00753013128 0.0102301312791 1.02301312791
775 1.00008699935 0.00278699935119 0.278699935119
776 0.906891120806 -0.0904088791937 -9.04088791937
777 1.02811136403 0.0308113640265 3.08113640265
778 1.02068569902 0.0233856990162 2.33856990162
779 0.930859851535 -0.0664401484652 -6.64401484652
780 0.957106367204 -0.0401936327957 -4.01936327957
781 1.01675745925 0.0194574592491 1.94574592491
782 0.9698600937 -0.0274399063003 -2.74399063003
783 0.968614289579 -0.0286857104206 -2.86857104206
784 0.900669687648 -0.0966303123515 -9.66303123515
785 1.01763395084 0.0203339508421 2.03339508421
786 0.92560148022 -0.0716985197795 -7.16985197795
787 1.0271317829 0.0298317829012 2.98317829012
788 0.980578357231 -0.0167216427693 -1.67216427693
789 0.979328418332 -0.0179715816684 -1.79715816684
790 0.923924416233 -0.073375583767 -7.3375583767
791 0.952806681697 -0.0444933183029 -4.44933183029
792 0.972624015312 -0.0246759846881 -2.46759846881
793 0.986381099141 -0.0109189008587 -1.09189008587
794 0.93723607185 -0.0600639281504 -6.00639281504
795 1.00782428498 0.0105242849836 1.05242849836
796 0.934881207348 -0.0624187926525 -6.24187926525
797 0.966515339994 -0.0307846600061 -3.07846600061
798 1.03085686502 0.0335568650173 3.35568650173
799 0.961120456755 -0.0361795432447 -3.61795432447
800 1.01044828257 0.013148282574 1.3148282574
801 0.958720689299 -0.0385793107011 -3.85793107011
802 0.999034974996 0.00173497499615 0.173497499615
803 0.968176007186 -0.0291239928139 -2.91239928139
804 1.01724966112 0.0199496611222 1.99496611222
805 1.01302546691 0.0157254669083 1.57254669083
806 0.967528935 -0.0297710649999 -2.97710649999
807 0.983999937553 -0.0133000624474 -1.33000624474
808 0.965134061399 -0.0321659386014 -3.21659386014
809 1.06385442082 0.066554420821 6.6554420821
810 0.980362313376 -0.0169376866239 -1.69376866239
811 0.917583619102 -0.0797163808983 -7.97163808983
812 0.975019640965 -0.0222803590346 -2.22803590346
813 0.979662410722 -0.0176375892785 -1.76375892785
814 0.975544808151 -0.0217551918494 -2.17551918494
815 1.05893966012 0.0616396601191 6.16396601191
816 1.05473551987 0.0574355198725 5.74355198725
817 0.977776135222 -0.0195238647784 -1.95238647784
818 0.991119989523 -0.00618001047682 -0.618001047682
819 0.981194319353 -0.0161056806474 -1.61056806474
820 1.04379162619 0.0464916261884 4.64916261884
821 1.0425132528 0.0452132528031 4.52132528031
822 1.01232832088 0.0150283208842 1.50283208842
823 0.964870185067 -0.0324298149329 -3.24298149329
824 0.955049633158 -0.0422503668418 -4.22503668418
825 1.00575858328 0.00845858328099 0.845858328099
826 1.02181780463 0.0245178046255 2.45178046255
827 0.937204518253 -0.060095481747 -6.0095481747
828 0.999249793509 0.00194979350882 0.194979350882
829 0.983698222188 -0.0136017778122 -1.36017778122
830 0.910907310726 -0.0863926892742 -8.63926892742
831 1.0242460874 0.026946087401 2.6946087401
832 0.968727284481 -0.0285727155187 -2.85727155187
833 1.01607863832 0.0187786383162 1.87786383162
834 0.974956447003 -0.0223435529967 -2.23435529967
835 0.948156651446 -0.0491433485539 -4.91433485539
836 0.927121137403 -0.0701788625975 -7.01788625975
837 0.971455697101 -0.0258443028993 -2.58443028993
838 0.987325571629 -0.00997442837076 -0.997442837076
839 0.977641208247 -0.0196587917532 -1.96587917532
840 0.922706274843 -0.0745937251565 -7.45937251565
841 0.913122206524 -0.0841777934762 -8.41777934762
842 0.962869538515 -0.0344304614846 -3.44304614846
843 0.984283587845 -0.0130164121546 -1.30164121546
844 0.940869044828 -0.0564309551722 -5.64309551722
845 0.987581195426 -0.00971880457372 -0.971880457372
846 0.876817867232 -0.120482132768 -12.0482132768
847 1.03577487784 0.0384748778365 3.84748778365
848 0.989701009291 -0.00759899070859 -0.759899070859
849 0.999730532949 0.00243053294949 0.243053294949
850 0.981778123691 -0.0155218763087 -1.55218763087
851 0.961061822628 -0.0362381773724 -3.62381773724
852 0.957149298323 -0.0401507016767 -4.01507016767
853 0.96717018373 -0.0301298162702 -3.01298162702
854 1.01337146951 0.0160714695053 1.60714695053
855 1.07057496479 0.0732749647924 7.32749647924
856 0.922124326043 -0.0751756739567 -7.51756739567
857 0.907171529132 -0.0901284708677 -9.01284708677
858 0.992021075446 -0.0052789245537 -0.52789245537
859 1.02407332481 0.0267733248095 2.67733248095
860 0.998007742843 0.00070774284327 0.070774284327
861 1.03826257389 0.0409625738899 4.09625738899
862 0.979143279142 -0.0181567208577 -1.81567208577
863 1.04136630733 0.0440663073326 4.40663073326
864 0.979628509249 -0.0176714907507 -1.76714907507
865 1.03071285035 0.0334128503525 3.34128503525
866 0.966384446314 -0.0309155536855 -3.09155536855
867 0.943326180112 -0.0539738198883 -5.39738198883
868 1.0079831065 0.0106831064983 1.06831064983
869 0.998609383278 0.00130938327771 0.130938327771
870 0.937346209393 -0.0599537906075 -5.99537906075
871 0.952642249358 -0.0446577506421 -4.46577506421
872 0.976094131574 -0.0212058684255 -2.12058684255
873 1.00492743026 0.00762743026095 0.762743026095
874 1.02282555996 0.0255255599618 2.55255599618
875 0.980893234303 -0.0164067656965 -1.64067656965
876 0.960780800514 -0.0365191994864 -3.65191994864
877 1.0545631943 0.057263194303 5.7263194303
878 0.928805469444 -0.0684945305564 -6.84945305564
879 0.938562532557 -0.0587374674429 -5.87374674429
880 1.03206214958 0.0347621495809 3.47621495809
881 0.99310355211 -0.00419644789033 -0.419644789033
882 0.986592160656 -0.0107078393435 -1.07078393435
883 0.982776577407 -0.0145234225934 -1.45234225934
884 1.04890825181 0.0516082518069 5.16082518069
885 0.964436916278 -0.0328630837217 -3.28630837217
886 0.939203024568 -0.0580969754325 -5.80969754325
887 0.991746698564 -0.00555330143558 -0.555330143558
888 1.01473211207 0.0174321120709 1.74321120709
889 0.970795008101 -0.0265049918989 -2.65049918989
890 0.985738046979 -0.011561953021 -1.1561953021
891 0.955274102552 -0.0420258974481 -4.20258974481
892 0.98885864636 -0.00844135364032 -0.844135364032
893 1.01170717593 0.0144071759263 1.44071759263
894 1.01324067814 0.0159406781437 1.59406781437
895 1.0333543445 0.0360543445027 3.60543445027
896 0.957909217461 -0.0393907825388 -3.93907825388
897 0.898524595818 -0.098775404182 -9.8775404182
898 0.926652427357 -0.0706475726427 -7.06475726427
899 0.994376560861 -0.00292343913883 -0.292343913883
900 1.00912743515 0.0118274351458 1.18274351458
901 0.96842057882 -0.0288794211802 -2.88794211802
902 0.917271429075 -0.0800285709254 -8.00285709254
903 0.961009898938 -0.0362901010616 -3.62901010616
904 1.00203226356 0.00473226356246 0.473226356246
905 0.979902826279 -0.0173971737207 -1.73971737207
906 0.960457268983 -0.0368427310165 -3.68427310165
907 0.927937537074 -0.0693624629259 -6.93624629259
908 1.05260484476 0.0553048447648 5.53048447648
909 0.952051143947 -0.0452488560531 -4.52488560531
910 0.969298805003 -0.0280011949969 -2.80011949969
911 1.0152056207 0.0179056206999 1.79056206999
912 0.959352342588 -0.0379476574117 -3.79476574117
913 1.01037768905 0.0130776890515 1.30776890515
914 0.944246947031 -0.0530530529686 -5.30530529686
915 1.04454647767 0.0472464776723 4.72464776723
916 0.936994169045 -0.060305830955 -6.0305830955
917 0.967079809521 -0.0302201904789 -3.02201904789
918 0.973801241184 -0.0234987588163 -2.34987588163
919 1.06845779193 0.0711577919267 7.11577919267
920 0.961347215134 -0.0359527848657 -3.59527848657
921 0.996438535811 -0.000861464188871 -0.0861464188871
922 1.00825642079 0.0109564207897 1.09564207897
923 0.93503479954 -0.06226520046 -6.226520046
924 0.970050935906 -0.0272490640937 -2.72490640937
925 0.927872555932 -0.0694274440678 -6.94274440678
926 0.980793403489 -0.0165065965106 -1.65065965106
927 0.982294947378 -0.0150050526215 -1.50050526215
928 1.0119854757 0.0146854757017 1.46854757017
929 1.02368692788 0.0263869278775 2.63869278775
930 0.958679584985 -0.0386204150152 -3.86204150152
931 0.944876250395 -0.0524237496052 -5.24237496052
932 1.03315211927 0.0358521192691 3.58521192691
933 0.983622740362 -0.0136772596379 -1.36772596379
934 1.00548449834 0.00818449834168 0.818449834168
935 1.02474626632 0.027446266325 2.7446266325
936 0.95253420303 -0.0447657969702 -4.47657969702
937 0.984498488426 -0.012801511574 -1.2801511574
938 1.02147411985 0.0241741198478 2.41741198478
939 0.921634492232 -0.0756655077685 -7.56655077685
940 1.02435933528 0.0270593352753 2.70593352753
941 1.01568576932 0.0183857693159 1.83857693159
942 0.959086667611 -0.0382133323889 -3.82133323889
943 0.942937389637 -0.0543626103628 -5.43626103628
944 0.941943314264 -0.0553566857361 -5.53566857361
945 0.973648307514 -0.023651692486 -2.3651692486
946 0.882147362725 -0.115152637275 -11.5152637275
947 0.976613196427 -0.0206868035731 -2.06868035731
948 1.0157149527 0.0184149526991 1.84149526991
949 0.972049740019 -0.0252502599809 -2.52502599809
950 0.920978248885 -0.0763217511152 -7.63217511152
951 0.980005548496 -0.0172944515044 -1.72944515044
952 0.936525224828 -0.0607747751724 -6.07747751724
953 0.970464591461 -0.0268354085388 -2.68354085388
954 0.976928663877 -0.0203713361228 -2.03713361228
955 1.01324399901 0.0159439990072 1.59439990072
956 1.04203256313 0.044732563127 4.4732563127
957 0.914237208303 -0.0830627916966 -8.30627916966
958 0.930659722376 -0.0666402776243 -6.66402776243
959 0.956955445501 -0.0403445544989 -4.03445544989
960 0.916337903315 -0.0809620966853 -8.09620966853
961 0.992073877881 -0.00522612211924 -0.522612211924
962 0.956447316513 -0.0408526834875 -4.08526834875
963 0.940636283422 -0.056663716578 -5.6663716578
964 0.964328236481 -0.0329717635186 -3.29717635186
965 1.00767165364 0.0103716536445 1.03716536445
966 1.00909461906 0.0117946190606 1.17946190606
967 1.04000864451 0.0427086445075 4.27086445075
968 0.955431166556 -0.0418688334436 -4.18688334436
969 1.05994427701 0.0626442770113 6.26442770113
970 1.00738446122 0.0100844612199 1.00844612199
971 0.937783564827 -0.0595164351726 -5.95164351726
972 1.01264969495 0.0153496949543 1.53496949543
973 0.967621316885 -0.029678683115 -2.9678683115
974 0.988601411867 -0.00869858813269 -0.869858813269
975 0.972951899399 -0.0243481006012 -2.43481006012
976 0.986575589302 -0.010724410698 -1.0724410698
977 0.980694142016 -0.0166058579841 -1.66058579841
978 1.01616115028 0.0188611502849 1.88611502849
979 0.993261777431 -0.00403822256887 -0.403822256887
980 0.963140379788 -0.0341596202116 -3.41596202116
981 1.02516666394 0.0278666639359 2.78666639359
982 0.944231053561 -0.0530689464386 -5.30689464386
983 0.902149344241 -0.095150655759 -9.5150655759
984 0.961641359312 -0.0356586406876 -3.56586406876
985 1.03307218989 0.035772189888 3.5772189888
986 0.974158468345 -0.0231415316552 -2.31415316552
987 1.0141170477 0.0168170477011 1.68170477011
988 0.967373683245 -0.0299263167546 -2.99263167546
989 0.99764252653 0.000342526530419 0.0342526530419
990 0.970222474533 -0.0270775254667 -2.70775254667
991 1.02201930938 0.0247193093818 2.47193093818
992 0.970663079797 -0.0266369202029 -2.66369202029
993 0.993623862521 -0.00367613747926 -0.367613747926
994 0.949575022327 -0.0477249776734 -4.77249776734
995 1.04180534472 0.0445053447202 4.45053447202
996 1.03360289713 0.0363028971286 3.63028971286
997 0.930020730617 -0.0672792693825 -6.72792693825
998 0.998179489328 0.000879489328086 0.0879489328086
999 0.970996944675 -0.0263030553252 -2.63030553252
[csidell1@linux3 hw5]$ exit
exit

Script done on Sun 06 Dec 2015 10:14:01 PM EST
